   2.1532023e+01   1.0000000e+00   0.0000000e+00
   3.1407289e+01   1.0000000e+00   0.0000000e+00
   2.0951312e+01   1.0000000e+00   0.0000000e+00
   1.8815908e+01   1.0000000e+00   0.0000000e+00
   2.6073432e+01   1.0000000e+00   0.0000000e+00
   3.5053859e+01   1.0000000e+00   0.0000000e+00
   2.5127772e+01   1.0000000e+00   0.0000000e+00
   2.6541497e+01   1.0000000e+00   0.0000000e+00
   2.0308764e+01   1.0000000e+00   0.0000000e+00
   3.3371080e+01   1.0000000e+00   0.0000000e+00
   2.5624941e+01   1.0000000e+00   0.0000000e+00
   2.7650506e+01   1.0000000e+00   0.0000000e+00
   2.0239659e+01   1.0000000e+00   0.0000000e+00
   2.9270214e+01   1.0000000e+00   0.0000000e+00
   2.6945729e+01   1.0000000e+00   0.0000000e+00
   1.9219995e+01   1.0000000e+00   0.0000000e+00
   2.5198701e+01   1.0000000e+00   0.0000000e+00
   2.2747007e+01   1.0000000e+00   0.0000000e+00
   2.5546240e+01   1.0000000e+00   0.0000000e+00
   2.3747236e+01   1.0000000e+00   0.0000000e+00
   4.8100983e+01   0.0000000e+00   1.0000000e+00
   3.9670865e+01   0.0000000e+00   1.0000000e+00
   4.6767081e+01   0.0000000e+00   1.0000000e+00
   5.7665269e+01   0.0000000e+00   1.0000000e+00
   6.7446732e+01   0.0000000e+00   1.0000000e+00
   3.8394801e+01   0.0000000e+00   1.0000000e+00
   7.3774119e+01   0.0000000e+00   1.0000000e+00
   6.5260780e+01   0.0000000e+00   1.0000000e+00
   5.1685075e+01   0.0000000e+00   1.0000000e+00
   4.6987935e+01   0.0000000e+00   1.0000000e+00
   4.3013457e+01   0.0000000e+00   1.0000000e+00
   5.8327706e+01   0.0000000e+00   1.0000000e+00
   4.3053947e+01   0.0000000e+00   1.0000000e+00
   4.5381170e+01   0.0000000e+00   1.0000000e+00
   5.8836171e+01   0.0000000e+00   1.0000000e+00
   5.4359442e+01   0.0000000e+00   1.0000000e+00
   5.8967474e+01   0.0000000e+00   1.0000000e+00
   5.5047320e+01   0.0000000e+00   1.0000000e+00
   4.5991029e+01   0.0000000e+00   1.0000000e+00
   4.4861520e+01   0.0000000e+00   1.0000000e+00
   5.7963676e+01   0.0000000e+00   1.0000000e+00
   4.3288098e+01   0.0000000e+00   1.0000000e+00
   6.1866590e+01   0.0000000e+00   1.0000000e+00
   5.7907020e+01   0.0000000e+00   1.0000000e+00
   5.2877215e+01   0.0000000e+00   1.0000000e+00
   5.0032261e+01   0.0000000e+00   1.0000000e+00
   5.3656172e+01   0.0000000e+00   1.0000000e+00
   8.5266778e+01   0.0000000e+00   1.0000000e+00
   4.8875633e+01   0.0000000e+00   1.0000000e+00
   3.4434061e+01   0.0000000e+00   1.0000000e+00
