   2.0128798e+01   1.0000000e+00   0.0000000e+00
   1.9268178e+01   1.0000000e+00   0.0000000e+00
   2.7738198e+01   1.0000000e+00   0.0000000e+00
   3.2825420e+01   1.0000000e+00   0.0000000e+00
   1.6533282e+01   1.0000000e+00   0.0000000e+00
   2.2753013e+01   1.0000000e+00   0.0000000e+00
   2.4578540e+01   1.0000000e+00   0.0000000e+00
   1.5040014e+01   1.0000000e+00   0.0000000e+00
   2.9206228e+01   1.0000000e+00   0.0000000e+00
   2.2926705e+01   1.0000000e+00   0.0000000e+00
   3.4560904e+01   1.0000000e+00   0.0000000e+00
   2.3045506e+01   1.0000000e+00   0.0000000e+00
   2.7045910e+01   1.0000000e+00   0.0000000e+00
   1.9287859e+01   1.0000000e+00   0.0000000e+00
   2.1875681e+01   1.0000000e+00   0.0000000e+00
   1.9156386e+01   1.0000000e+00   0.0000000e+00
   2.6962876e+01   1.0000000e+00   0.0000000e+00
   3.1509198e+01   1.0000000e+00   0.0000000e+00
   2.2031791e+01   1.0000000e+00   0.0000000e+00
   2.7181877e+01   1.0000000e+00   0.0000000e+00
   4.4956375e+01   0.0000000e+00   1.0000000e+00
   5.1021077e+01   0.0000000e+00   1.0000000e+00
   6.1962505e+01   0.0000000e+00   1.0000000e+00
   5.1202828e+01   0.0000000e+00   1.0000000e+00
   3.9631566e+01   0.0000000e+00   1.0000000e+00
   4.1428968e+01   0.0000000e+00   1.0000000e+00
   4.8301257e+01   0.0000000e+00   1.0000000e+00
   4.8083317e+01   0.0000000e+00   1.0000000e+00
   4.1341848e+01   0.0000000e+00   1.0000000e+00
   5.1806641e+01   0.0000000e+00   1.0000000e+00
   6.2665285e+01   0.0000000e+00   1.0000000e+00
   4.7488307e+01   0.0000000e+00   1.0000000e+00
   4.7954299e+01   0.0000000e+00   1.0000000e+00
   2.7984781e+01   0.0000000e+00   1.0000000e+00
   4.2254869e+01   0.0000000e+00   1.0000000e+00
   3.6067274e+01   0.0000000e+00   1.0000000e+00
   4.6137653e+01   0.0000000e+00   1.0000000e+00
   5.5255864e+01   0.0000000e+00   1.0000000e+00
   6.5232693e+01   0.0000000e+00   1.0000000e+00
   6.7984945e+01   0.0000000e+00   1.0000000e+00
   4.8831157e+01   0.0000000e+00   1.0000000e+00
   4.6798038e+01   0.0000000e+00   1.0000000e+00
   5.8175163e+01   0.0000000e+00   1.0000000e+00
   5.4901592e+01   0.0000000e+00   1.0000000e+00
   5.7652512e+01   0.0000000e+00   1.0000000e+00
   5.7782790e+01   0.0000000e+00   1.0000000e+00
   3.5196948e+01   0.0000000e+00   1.0000000e+00
   5.5403640e+01   0.0000000e+00   1.0000000e+00
   4.9084610e+01   0.0000000e+00   1.0000000e+00
   4.2397476e+01   0.0000000e+00   1.0000000e+00
